紙 309 1116 371 1197
版 392 1415 456 1495
資 141 1790 204 1865
州 558 1714 618 1791
為 954 2014 1028 2094
黄 715 1639 782 1713
七 228 822 286 890
籍 225 1341 285 1414
版 392 592 456 672
宋 1042 1190 1101 1265
目 123 382 158 442
勝 716 1041 776 1117
互 637 1418 698 1495
徐 637 740 700 822
卷 634 515 696 592
珍 1041 1417 1102 1492
一 310 1343 367 1368
廿 309 1265 361 1343
月 1045 1120 1099 1191
創 393 743 455 822
凡 1037 1719 1096 1790
至 306 1488 366 1563
六 714 1496 776 1566
太 555 2013 615 2087
趙 715 740 776 819
有 803 892 858 966
居 636 968 702 1041
至 718 513 776 590
卷 388 2011 452 2096
廿 961 1341 1021 1418
範 797 1266 858 1339
佚 801 1042 861 1116
刹 796 1866 856 1939
亦 228 1941 283 2017
善 144 1638 201 1716
亦 395 1041 451 1119
中 1044 512 1094 584
興 480 590 531 670
三 959 1788 1028 1861
珍 204 386 239 442
紙 392 1624 451 1719
藏 476 2014 531 2090
人 876 1717 936 1791
教 1034 1939 1096 2014
題 477 970 538 1042
十 309 1641 364 1720
走 794 1493 864 1563
士 640 1042 698 1116
統 477 1415 541 1486
行 309 1781 364 1866
廿 226 744 290 818
四 228 512 285 592
古 959 597 1025 670
同 879 1638 938 1717
一 307 1721 364 1776
存 556 1119 622 1191
城 555 1868 619 1943
雕 391 821 460 895
磧 224 1567 290 1646
範 140 961 204 1041
砂 801 513 858 597
一 391 1570 451 1621
字 225 892 286 968
之 718 895 775 968
一 311 1391 367 1419
佛 1039 1866 1095 1939
六 959 896 1032 964
印 874 1865 936 1940
考 477 1110 537 1190
錄 554 512 612 595
每 392 1341 455 1415
經 634 1936 693 2014
孤 1035 2014 1095 2092
甯 474 1790 538 1870
僧 793 1192 865 1266
凡 716 1417 775 1495
屬 803 1116 858 1191
國 876 1410 938 1493
成 1042 1642 1095 1717
行 309 1868 364 1941
三 309 1566 367 1641
藉 961 673 1024 744
勘 637 1344 700 1419
初 876 1265 938 1344
上 959 1568 1023 1638
藏 229 1714 285 1794
布 882 666 940 740
至 225 668 288 743
謹 957 1943 1025 2015
隸 959 1490 1025 1570
有 224 1488 282 1564
各 143 595 197 672
行 307 1417 368 1485
紙 391 1792 449 1863
叙 167 388 200 434
紙 309 1042 368 1119
五 558 1266 616 1340
爲 558 1567 618 1643
平 477 512 533 588
識 476 1039 537 1114
藏 285 381 321 445
因 882 741 938 819
寺 718 1120 775 1187
名 799 1642 856 1717
刻 224 1188 283 1263
廣 718 968 776 1041
也 559 973 620 1042
多 225 1412 281 1489
故 555 1490 619 1567
信 144 1714 201 1787
十 306 2015 361 2089
卷 386 1940 456 2012
者 143 893 201 963
緣 881 815 943 895
缺 801 961 858 1042
四 1041 892 1099 964
經 800 670 860 743
天 474 1713 540 1790
山 800 1720 856 1791
藏 143 670 201 747
縣 555 1941 620 2015
相 636 1495 698 1564
藏 803 594 857 672
印 1042 1567 1094 1642
睢 558 1642 619 1712
卅 309 895 375 973
寺 476 1869 535 1936
百 957 1261 1021 1341
則 637 1712 697 1794
卷 558 1417 613 1492
又 141 1943 203 2017
民 1042 665 1102 743
一 309 968 375 1002
州 476 1641 537 1713
一 957 1197 1021 1256
砂 228 1645 286 1714
軸 716 1863 773 1940
序 33 864 83 928
至 310 821 374 893
推 637 1566 700 1639
無 225 1861 285 1941
見 718 1187 773 1262
一 306 1014 373 1048
𢊍 716 1567 778 1638
十 309 594 368 672
冊 959 1418 1023 1490
商 144 1266 201 1346
向 636 1794 691 1868
金 551 669 615 744
森 637 822 698 893
集 954 1861 1025 1943
等 225 1042 288 1116
成 800 1340 864 1417
中 957 1638 1021 1716
所 228 1794 288 1862
分 959 1044 1030 1120
遺 243 382 283 441
成 143 1044 200 1119
考 555 1788 620 1866
於 879 1044 942 1116
以 800 744 861 818
得 143 2015 201 2092
存 960 513 1026 599
紙 310 747 366 818
述 878 516 941 593
有 225 2018 288 2090
遺 1042 1344 1101 1417
國 1045 743 1102 818
有 392 1119 455 1190
悉 716 1940 773 2018
大 476 1933 530 2015
首 879 1116 936 1191
玉 637 896 700 963
三 310 672 371 747
年 1044 967 1096 1044
因 144 1192 199 1265
各 800 1563 857 1639
師 141 1119 199 1188
無 141 822 201 893
補 392 1192 456 1265
元 393 895 455 966
得 1038 1788 1096 1866
序 1118 513 1184 606
宋 875 1941 936 2014
裝 959 1118 1028 1195
華 1045 586 1096 665
余 143 1417 199 1493
旣 1044 1490 1096 1566
寺 478 747 533 812
自 309 1941 360 2014
金 477 1266 547 1343
諸 143 1568 204 1636
爲 716 2017 776 2096
經 716 1341 775 1414
訪 796 2018 857 2096
下 957 1716 1027 1788
磧 874 2014 935 2090
印 881 594 946 668
印 392 1493 449 1570
經 391 513 453 594
不 224 968 285 1042
民 876 1344 940 1411
著 636 2014 693 2086
力 143 1865 204 1941
未 634 1865 694 1937
刻 558 744 618 817
寳 640 1191 696 1265
藏 718 1261 776 1341
成 391 1865 453 1941
師 797 1415 858 1492
十 959 819 1028 895
物 477 814 533 895
初 392 970 451 1041
之 139 1344 201 1418
廿 878 1496 935 1564
所 225 1116 286 1191
字 226 594 282 668
式 636 591 697 669
朱 716 1781 773 1862
影 875 1791 938 1868
皇 478 1340 541 1414
時 476 1490 538 1556
鴻 640 1116 700 1190
爲 143 516 197 595
經 221 1265 285 1340
所 143 750 199 821
表 718 1717 779 1783
見 559 1045 616 1116
全 559 818 619 893
證 636 1642 701 1713
往 637 1266 701 1341
據 478 896 533 973
藏 558 892 619 971
中 800 818 860 893
弁 881 968 943 1045
自 309 1195 364 1266
邀 627 669 704 740
藏 1041 1265 1102 1343
宋 327 391 361 445
西 719 663 772 740
之 552 598 618 663
曰 881 1191 939 1263
解 476 1559 533 1641
搜 793 1939 863 2019
四 961 744 1025 818
種 959 964 1030 1044
七 1045 1046 1098 1116
廿 1041 818 1103 890
古 801 1790 860 1866
山 718 592 772 662
積 392 1721 449 1791
集 146 1490 200 1567
千 558 1340 618 1414
國 478 670 531 744
自 310 516 366 592
成 392 1263 453 1343
踰 556 1191 618 1268
以 881 892 945 970
年 879 1566 936 1639
城 718 818 776 895
㑹 391 671 453 745
之 477 1188 533 1265
