紙 0.244253 0.503922 0.044540 0.035294
版 0.304598 0.633987 0.045977 0.034858
資 0.123922 0.796296 0.045259 0.032680
州 0.422414 0.763617 0.043103 0.033551
為 0.711925 0.894989 0.053161 0.034858
黄 0.537716 0.730283 0.048132 0.032244
七 0.184626 0.372985 0.041667 0.029630
籍 0.183190 0.600218 0.043103 0.031808
版 0.304598 0.275381 0.045977 0.034858
宋 0.769756 0.534858 0.042385 0.032680
目 0.100934 0.179521 0.025144 0.026144
勝 0.535920 0.470153 0.043103 0.033115
互 0.479526 0.634641 0.043822 0.033551
徐 0.480244 0.340305 0.045259 0.035730
卷 0.477730 0.241176 0.044540 0.033551
珍 0.769756 0.633769 0.043822 0.032680
一 0.243175 0.590632 0.040948 0.010893
廿 0.240661 0.568192 0.037356 0.033987
月 0.770115 0.503486 0.038793 0.030937
創 0.304598 0.340959 0.044540 0.034423
凡 0.766164 0.764488 0.042385 0.030937
至 0.241379 0.664706 0.043103 0.032680
六 0.535201 0.667102 0.044540 0.030501
太 0.420259 0.893246 0.043103 0.032244
趙 0.535560 0.339651 0.043822 0.034423
有 0.596624 0.404793 0.039511 0.032244
居 0.480603 0.437691 0.047414 0.031808
至 0.536638 0.240305 0.041667 0.033551
卷 0.301724 0.894771 0.045977 0.037037
廿 0.711925 0.601089 0.043103 0.033551
範 0.594468 0.567538 0.043822 0.031808
佚 0.596983 0.470153 0.043103 0.032244
刹 0.593391 0.828976 0.043103 0.031808
亦 0.183549 0.862309 0.039511 0.033115
善 0.123922 0.730719 0.040948 0.033987
亦 0.303879 0.470588 0.040230 0.033987
中 0.767960 0.238780 0.035920 0.031373
興 0.363147 0.274510 0.036638 0.034858
三 0.713721 0.794989 0.049569 0.031808
珍 0.159124 0.180392 0.025144 0.024401
紙 0.302802 0.728322 0.042385 0.041394
藏 0.361710 0.894118 0.039511 0.033115
人 0.650862 0.764270 0.043103 0.032244
教 0.765086 0.861220 0.044540 0.032680
題 0.364583 0.438344 0.043822 0.031373
十 0.241739 0.732244 0.039511 0.034423
走 0.595546 0.665795 0.050287 0.030501
士 0.480603 0.470153 0.041667 0.032244
統 0.365661 0.632026 0.045977 0.030937
行 0.241739 0.794553 0.039511 0.037037
廿 0.185345 0.340305 0.045977 0.032244
四 0.184267 0.240523 0.040948 0.034858
古 0.712644 0.276035 0.047414 0.031808
同 0.652658 0.730937 0.042385 0.034423
一 0.241020 0.761874 0.040948 0.023965
存 0.423132 0.503268 0.047414 0.031373
城 0.421695 0.830283 0.045977 0.032680
雕 0.305675 0.373856 0.049569 0.032244
磧 0.184626 0.700000 0.047414 0.034423
範 0.123563 0.436166 0.045977 0.034858
砂 0.595905 0.241830 0.040948 0.036601
一 0.302443 0.695207 0.043103 0.022222
字 0.183549 0.405229 0.043822 0.033115
之 0.536279 0.405882 0.040948 0.031808
一 0.243534 0.612200 0.040230 0.012200
佛 0.766523 0.828976 0.040230 0.031808
六 0.715158 0.405229 0.052443 0.029630
印 0.650144 0.828976 0.044540 0.032680
考 0.364224 0.501089 0.043103 0.034858
錄 0.418822 0.241176 0.041667 0.036166
每 0.304239 0.600436 0.045259 0.032244
經 0.476652 0.860566 0.042385 0.033987
孤 0.765086 0.894553 0.043103 0.033987
甯 0.363506 0.797386 0.045977 0.034858
僧 0.595546 0.535512 0.051724 0.032244
凡 0.535560 0.634423 0.042385 0.033987
屬 0.596624 0.502614 0.039511 0.032680
國 0.651580 0.632462 0.044540 0.036166
成 0.767601 0.731808 0.038075 0.032680
行 0.241739 0.829847 0.039511 0.031808
三 0.242816 0.698693 0.041667 0.032680
藉 0.713003 0.308715 0.045259 0.030937
勘 0.480244 0.601961 0.045259 0.032680
初 0.651580 0.568410 0.044540 0.034423
上 0.711925 0.698475 0.045977 0.030501
藏 0.184626 0.764270 0.040230 0.034858
布 0.654454 0.306318 0.041667 0.032244
至 0.184267 0.307407 0.045259 0.032680
謹 0.711925 0.862309 0.048851 0.031373
隸 0.712644 0.666667 0.047414 0.034858
有 0.181753 0.664924 0.041667 0.033115
各 0.122126 0.276035 0.038793 0.033551
行 0.242457 0.632244 0.043822 0.029630
紙 0.301724 0.796296 0.041667 0.030937
叙 0.131825 0.179085 0.023707 0.020044
紙 0.243175 0.470806 0.042385 0.033551
五 0.421695 0.567756 0.041667 0.032244
爲 0.422414 0.699346 0.043103 0.033115
平 0.362787 0.239651 0.040230 0.033115
識 0.363865 0.469063 0.043822 0.032680
藏 0.217672 0.179956 0.025862 0.027887
因 0.653736 0.339869 0.040230 0.033987
寺 0.536279 0.502614 0.040948 0.029194
名 0.594468 0.731808 0.040948 0.032680
刻 0.182112 0.533987 0.042385 0.032680
廣 0.536638 0.437691 0.041667 0.031808
也 0.423491 0.438998 0.043822 0.030065
多 0.181753 0.632026 0.040230 0.033551
故 0.421695 0.666013 0.045977 0.033551
信 0.123922 0.762745 0.040948 0.031808
十 0.239583 0.894118 0.039511 0.032244
卷 0.302443 0.861002 0.050287 0.031373
者 0.123563 0.404357 0.041667 0.030501
緣 0.655172 0.372549 0.044540 0.034858
缺 0.595905 0.436383 0.040948 0.035294
四 0.768678 0.404357 0.041667 0.031373
經 0.596264 0.307843 0.043103 0.031808
天 0.364224 0.763181 0.047414 0.033551
山 0.594828 0.764924 0.040230 0.030937
藏 0.123563 0.308715 0.041667 0.033551
縣 0.422055 0.861874 0.046695 0.032244
相 0.479167 0.666449 0.044540 0.030065
藏 0.596264 0.275817 0.038793 0.033987
印 0.767241 0.699129 0.037356 0.032680
睢 0.422773 0.730719 0.043822 0.030501
卅 0.245690 0.406972 0.047414 0.033987
寺 0.363147 0.828976 0.042385 0.029194
百 0.710489 0.566885 0.045977 0.034858
則 0.479167 0.763834 0.043103 0.035730
卷 0.420618 0.633769 0.039511 0.032680
又 0.123563 0.862745 0.044540 0.032244
民 0.770115 0.306754 0.043103 0.033987
一 0.245690 0.429194 0.047414 0.014815
州 0.363865 0.730719 0.043822 0.031373
一 0.710489 0.534423 0.045977 0.025708
砂 0.184626 0.731808 0.041667 0.030065
軸 0.534842 0.828540 0.040948 0.033551
序 0.041667 0.390414 0.035920 0.027887
至 0.245690 0.373420 0.045977 0.031373
推 0.480244 0.698257 0.045259 0.031808
無 0.183190 0.828322 0.043103 0.034858
見 0.535560 0.533551 0.039511 0.032680
一 0.243894 0.449237 0.048132 0.014815
𢊍 0.536638 0.698257 0.044540 0.030937
十 0.243175 0.275817 0.042385 0.033987
冊 0.711925 0.633551 0.045977 0.031373
商 0.123922 0.569063 0.040948 0.034858
向 0.476652 0.797821 0.039511 0.032244
金 0.418822 0.307843 0.045977 0.032680
森 0.479526 0.373638 0.043822 0.030937
集 0.710848 0.828758 0.051006 0.035730
等 0.184267 0.470153 0.045259 0.032244
成 0.597701 0.600654 0.045977 0.033551
中 0.710489 0.730719 0.045977 0.033987
所 0.185345 0.796514 0.043103 0.029630
分 0.714440 0.471460 0.051006 0.033115
遺 0.188937 0.179303 0.028736 0.025708
成 0.123204 0.471242 0.040948 0.032680
考 0.422055 0.796078 0.046695 0.033987
於 0.654095 0.470588 0.045259 0.031373
以 0.596624 0.340305 0.043822 0.032244
得 0.123563 0.894771 0.041667 0.033551
存 0.713362 0.242266 0.047414 0.037473
紙 0.242816 0.340959 0.040230 0.030937
述 0.653376 0.241612 0.045259 0.033551
有 0.184267 0.894989 0.045259 0.031373
遺 0.769756 0.601525 0.042385 0.031808
國 0.771193 0.340087 0.040948 0.032680
有 0.304239 0.503050 0.045259 0.030937
悉 0.534842 0.862309 0.040948 0.033987
大 0.361351 0.860131 0.038793 0.035730
首 0.651940 0.502614 0.040948 0.032680
玉 0.480244 0.405011 0.045259 0.029194
三 0.244612 0.309150 0.043822 0.032680
年 0.768678 0.438126 0.037356 0.033551
因 0.123204 0.535294 0.039511 0.031808
各 0.595187 0.697603 0.040948 0.033115
師 0.122126 0.502614 0.041667 0.030065
無 0.122845 0.373638 0.043103 0.030937
補 0.304598 0.535294 0.045977 0.031808
元 0.304598 0.405447 0.044540 0.030937
得 0.766523 0.796078 0.041667 0.033987
序 0.826868 0.243791 0.047414 0.040523
宋 0.650503 0.861656 0.043822 0.031808
裝 0.713721 0.503922 0.049569 0.033551
華 0.769037 0.272549 0.036638 0.034423
余 0.122845 0.633987 0.040230 0.033115
旣 0.768678 0.665795 0.037356 0.033115
寺 0.363147 0.339651 0.039511 0.028322
自 0.240302 0.861656 0.036638 0.031808
金 0.367816 0.568410 0.050287 0.033551
諸 0.124641 0.698039 0.043822 0.029630
爲 0.535920 0.896078 0.043103 0.034423
經 0.535560 0.600218 0.042385 0.031808
訪 0.593750 0.896296 0.043822 0.033987
下 0.712644 0.763399 0.050287 0.031373
磧 0.649784 0.894118 0.043822 0.033115
印 0.656250 0.274946 0.046695 0.032244
印 0.302083 0.667320 0.040948 0.033551
經 0.303161 0.241176 0.044540 0.035294
不 0.182830 0.437908 0.043822 0.032244
民 0.652299 0.600218 0.045977 0.029194
著 0.477371 0.893246 0.040948 0.031373
力 0.124641 0.829194 0.043822 0.033115
未 0.477011 0.828322 0.043103 0.031373
刻 0.422414 0.340087 0.043103 0.031808
寳 0.479885 0.535076 0.040230 0.032244
藏 0.536638 0.566885 0.041667 0.034858
成 0.303161 0.829194 0.044540 0.033115
師 0.594468 0.633333 0.043822 0.033551
十 0.713721 0.373420 0.049569 0.033115
物 0.362787 0.372331 0.040230 0.035294
初 0.302802 0.438126 0.042385 0.030937
之 0.122126 0.601743 0.044540 0.032244
廿 0.651221 0.666667 0.040948 0.029630
所 0.183549 0.502614 0.043822 0.032680
字 0.182471 0.274946 0.040230 0.032244
式 0.478807 0.274510 0.043822 0.033987
朱 0.534842 0.793682 0.040948 0.035294
影 0.651221 0.797168 0.045259 0.033551
皇 0.366020 0.600000 0.045259 0.032244
時 0.364224 0.663617 0.044540 0.028758
鴻 0.481322 0.502397 0.043103 0.032244
爲 0.122126 0.242048 0.038793 0.034423
經 0.181753 0.567538 0.045977 0.032680
所 0.122845 0.342266 0.040230 0.030937
表 0.537716 0.762527 0.043822 0.028758
見 0.422055 0.470806 0.040948 0.030937
全 0.423132 0.372767 0.043103 0.032680
證 0.480244 0.730937 0.046695 0.030937
往 0.480603 0.567974 0.045977 0.032680
據 0.363147 0.407190 0.039511 0.033551
藏 0.422773 0.405882 0.043822 0.034423
中 0.596264 0.372767 0.043103 0.032680
弁 0.655172 0.438562 0.044540 0.033551
自 0.241739 0.536166 0.039511 0.030937
邀 0.478089 0.306972 0.055316 0.030937
藏 0.769756 0.568192 0.043822 0.033987
宋 0.247126 0.182135 0.024425 0.023529
西 0.535560 0.305664 0.038075 0.033551
之 0.420259 0.274728 0.047414 0.028322
曰 0.653736 0.534641 0.041667 0.031373
解 0.362428 0.697168 0.040948 0.035730
搜 0.594828 0.862309 0.050287 0.034858
四 0.713362 0.340305 0.045977 0.032244
種 0.714440 0.437473 0.051006 0.034858
七 0.769756 0.471024 0.038075 0.030501
廿 0.770115 0.372113 0.044540 0.031373
古 0.596624 0.796514 0.042385 0.033115
山 0.535201 0.273203 0.038793 0.030501
積 0.302083 0.765142 0.040948 0.030501
集 0.124282 0.666013 0.038793 0.033551
千 0.422414 0.600000 0.043103 0.032244
國 0.362428 0.308061 0.038075 0.032244
自 0.242816 0.241394 0.040230 0.033115
成 0.303520 0.567756 0.043822 0.034858
踰 0.421695 0.535730 0.044540 0.033551
以 0.655891 0.405664 0.045977 0.033987
年 0.651940 0.698257 0.040948 0.031808
城 0.536638 0.373203 0.041667 0.033551
㑹 0.303161 0.308497 0.044540 0.032244
之 0.362787 0.534423 0.040230 0.033551
