序,1184,606,1118,606,1118,513,1184,513
中華民國廿四年七月宋藏遺珍旣印成凡得佛教孤,1098,2092,1033,2091,1042,511,1108,512
存古藉四十六種分裝一百廿冊隸上中下三集謹為,1027,2094,953,2093,958,512,1033,513
述印布因緣以弁於首曰初民國廿年同人影印宋磧,941,2090,873,2089,878,515,946,516
砂藏經以中有缺佚屬僧範成師走各名山古刹搜訪,793,2095,793,512,865,513,865,2095
至山西趙城之廣勝寺見藏經凡六𢊍黄表朱軸悉爲,716,2096,710,513,777,512,783,2095
卷式邀徐森玉居士鴻寳往勘互相推證則向未經著,627,2086,627,515,704,515,704,2086
錄之金刻全藏也見存踰五千卷故爲睢州考城縣太,555,2087,550,512,620,511,624,2086
平興國寺物據題識考之金皇統時解州天甯寺大藏,545,2090,473,2089,477,511,549,512
經版㑹創雕元初亦有補成每版印一紙積紙成卷卷,455,2096,385,2095,391,512,461,513
自十三紙至卅一一紙紙自廿一一行至三十一行行自十,367,2089,298,2088,309,515,378,516
四字至廿七字不等所刻經籍多有磧砂藏所無亦有,221,2090,221,512,290,512,290,2090
爲各藏所無者範成師因商之余集諸善信資力又得,138,2091,138,515,203,516,203,2091
序,83,928,33,928,33,864,83,864
